Attempt Config Distance          Time        TTime4       TTime99     TTime1999
      0   LGLS       -1           390          4068          9193         15254
      0   LGRS       -1          3077          1375          1867          3972
      0   RGLS        1          3648         47243         43419         44755
      0   RGRS        1          1080         42383         42114         36639
      1   LGLS       -1           193          1506          5478         19589
      1   LGRS       -1          1216          1445          2156          4141
      1   RGLS        1          1832         47766         43678         39098
      1   RGRS        1          1125         39138         36455         35046
      2   LGLS        4            56            60            95           162
      2   LGRS        4           629           469           390           461
      2   RGLS        1          1143         49611         54183         56989
      2   RGRS        1          1511         50388         50343         49011
      3   LGLS        6           115           536            68           145
      3   LGRS        6           710           733           538           468
      3   RGLS        1          1229         41890         44613         46721
      3   RGRS        1          1283         42433         37414         37893
      4   LGLS       -1           162          1038          3286          9091
      4   LGRS       -1           579           754          1972          4540
      4   RGLS        1          1433         53159         46146         41256
      4   RGRS        1           922         46583         37844         41120
      5   LGLS       -1            10             9             7            30
      5   LGRS       -1           272           180           175           196
      5   RGLS        1           841         44623         39700         39539
      5   RGRS        1          1729        423183         50610         44287
      6   LGLS        7           125           602            67           101
      6   LGRS        7           859          1199           621           554
      6   RGLS        1           909         39745         34317         34419
      6   RGRS        1           643         36702         35090         34091
      7   LGLS       -1            10            13             9            50
      7   LGRS       -1           780           517           454           426
      7   RGLS        1          1023         42099         39082         34606
      7   RGRS        1           641         39060         37595         34813
      8   LGLS       -1           161          1399          2957          4819
      8   LGRS       -1           511           719          1746          3613
      8   RGLS        1           852         36278         42266         34682
      8   RGRS        1           902         37758         36266         36048
      9   LGLS       -1            13            18            18           129
      9   LGRS       -1           636           420           412           467
      9   RGLS        1           924         38676         39289         34687
      9   RGRS        1           568         42788         39661         36759
     10   LGLS       -1           117          1193          2905          4228
     10   LGRS       -1           669          1150          2770          3695
     10   RGLS        1           732         37876         35217         34673
     10   RGRS        1           582         39763         36076         34465
     11   LGLS        8            68           221            26            50
     11   LGRS        8           427           496           269           293
     11   RGLS        1           653         39493         36618         34781
     11   RGRS        1           589         36165         37408         34967
     12   LGLS        1            12            45            55           115
     12   LGRS        1           611           550           406           431
     12   RGLS        1          1042         42179         35073         34782
     12   RGRS        1           861         41696         36980         36227
     13   LGLS       -1           122           508          1778          7098
     13   LGRS       -1           573           774          1471          3419
     13   RGLS        1          1182         36670         39316         40906
     13   RGRS        1           736         37745         35515         38776
     14   LGLS       -1            13             8             6            41
     14   LGRS       -1           300           204           201           213
     14   RGLS        1           994         37297         34552         34956
     14   RGRS        1           611        353111         53685         40614
     15   LGLS        5            58           170            41            93
     15   LGRS        5           556           639           331           330
     15   RGLS        1          1256         36349         37174         39272
     15   RGRS        1           576         33945         35356         34112
     16   LGLS        4            72            38            63           100
     16   LGRS        4           678           527           542           619
     16   RGLS        1           987         39118         37893         37814
     16   RGRS        1           516         35897         34867         33879
     17   LGLS        7           102           234            61            98
     17   LGRS        7           508           460           424           416
     17   RGLS        1           980         37785         34478         35998
     17   RGRS        1           572         38751         40414         40072
     18   LGLS       -1            13            13             6            56
     18   LGRS       -1           658           603           556           579
     18   RGLS        1          1207         40442         34404         34575
     18   RGRS        1           568         38498         38489         37605
     19   LGLS       -1            93           533          1733          3780
     19   LGRS       -1           483           550          1351          3132
     19   RGLS        1           707         38470         34341         35325
     19   RGRS        1           580         42643         37420         35039
     20   LGLS       -1           146           829          2792          3451
     20   LGRS       -1           535           624          1564          3628
     20   RGLS        1           734         40538         34643         39232
     20   RGRS        1           696         46765         40318         40060
     21   LGLS        6            89           365            42            75
     21   LGRS        6           412           406           281           272
     21   RGLS        1           828         37645         38908         34434
     21   RGRS        1           559         36125         34810         44645
     22   LGLS       -1            75           339          1110          2947
     22   LGRS       -1           483           755          1855          3752
     22   RGLS        1           681         38382         35385         35196
     22   RGRS        1           777         37510         34642         36552
     23   LGLS       -1            14             6             6            61
     23   LGRS       -1           322           226           227           317
     23   RGLS        1           878         40892         36351         40014
     23   RGRS        1           680         36335        350285         46446
     24   LGLS        4            32            11            62           103
     24   LGRS        4           539           483           506           524
     24   RGLS        1           877         40841         40394         39980
     24   RGRS        1           643         40687         39880         34981
     25   LGLS        8            65           137            22            50
     25   LGRS        8           344           408           247           286
     25   RGLS        1           604         37685         36162         35291
     25   RGRS        1           546         38613         35406         34256
     26   LGLS       -1            10             6             4            34
     26   LGRS       -1           361           246           235           286
     26   RGLS        1           690         39374         37022         34739
     26   RGRS        1           557         38010         39854         40243
     27   LGLS        6            42            99            38            57
     27   LGRS        6           322           385           343           373
     27   RGLS        1           750         40053         34968         34695
     27   RGRS        1           606         37937         34151         35663
     28   LGLS        6           143           461            48            90
     28   LGRS        6           528           494           404           315
     28   RGLS        1           715         40971         40776         38236
     28   RGRS        1           490         38765         37307         35408
     29   LGLS        3            25            20            59            90
     29   LGRS        3           392           357           380           386
     29   RGLS        1          5257         37703         35304         34445
     29   RGRS        1           635         40786         34556         36005
     30   LGLS        9            67           353            21            41
     30   LGRS        9           539           827           331           370
     30   RGLS        1           650         38241         35187         35093
     30   RGRS        1           595         39654         36509         34736
     31   LGLS        6           104           328            51            84
     31   LGRS        6           501           544           374           402
     31   RGLS        1           993         36121         34669         35154
     31   RGRS        1           767         37513         37928         39224
     32   LGLS        8            56           105            22            45
     32   LGRS        8           530           562           366           427
     32   RGLS        1           704         35382         35021         35056
     32   RGRS        1           759         42971         34715         36306
     33   LGLS        6            53           125            39            59
     33   LGRS        6           323           373           271           288
     33   RGLS        1           903         43976         36680        376784
     33   RGRS        1           840         95537         44667         36569
     34   LGLS        6            66           220            38            61
     34   LGRS        6           400           392           250           291
     34   RGLS        1           652         42502         34056         38936
     34   RGRS        1           503         41662         36637         35535
     35   LGLS        5            63           264            38            57
     35   LGRS        5           328           470           279           300
     35   RGLS        1           633         37640         35531         34569
     35   RGRS        1           644         36733         37216         34345
     36   LGLS        1            14            23            56            91
     36   LGRS        1           481           391           399           423
     36   RGLS        1          1024         39990         35555         41301
     36   RGRS        1           566         35898         41221         40253
     37   LGLS       -1            12             5             6            47
     37   LGRS       -1           289           184           175           200
     37   RGLS        1           792         37783         38521         35512
     37   RGRS        1           752         40398         40941         41104
     38   LGLS        4            52            27            54            96
     38   LGRS        4           641           535           561           500
     38   RGLS        1           766         40454         40096         38415
     38   RGRS        1           781         34907         37066         40784
     39   LGLS       -1            83           307          1103          2883
     39   LGRS       -1           574           987          1810          3776
     39   RGLS        1           609         42218         36871         35773
     39   RGRS        1           508         42377         40685         40979
     40   LGLS       -1            17             5             3            25
     40   LGRS       -1           391           303           281           343
     40   RGLS        1           600         42400         35683         35727
     40   RGRS        1           508         39057         37186         35681
     41   LGLS       -1            23             9             6            52
     41   LGRS       -1           500           357           353           418
     41   RGLS        1           970         40225         34345         35504
     41   RGRS        1           503         40715         34880         35146
     42   LGLS       -1            20             7             4            29
     42   LGRS       -1           410           385           379           415
     42   RGLS        1          1024         39206         35819         35095
     42   RGRS        1           511         38551         34803         37095
     43   LGLS        6            81           203            38            54
     43   LGRS        6           321           369           263           379
     43   RGLS        1           933        371100         40236         39311
     43   RGRS        1           600         43328         39078         39450
     44   LGLS        4            29            13            88            96
     44   LGRS        4           387           280           301           310
     44   RGLS        1           890         42867         40019         40517
     44   RGRS        1           752         41440         37166         35987
     45   LGLS        6            84           247            40            62
     45   LGRS        6           317           424           254           266
     45   RGLS        1           637         38598         33787         33949
     45   RGRS        1           573         42892         37035         35013
     46   LGLS       -1           138           721          2094          3571
     46   LGRS       -1           561           777          1532          3343
     46   RGLS        1          1137         35995         34404         34669
     46   RGRS        1           756         41917         38918         35799
     47   LGLS        4            48            18            24            41
     47   LGRS        4           330           270           276           304
     47   RGLS        1           632         39702         40773         39525
     47   RGRS        1           624         40203         37143         38753
     48   LGLS        6            42            67            57            91
     48   LGRS        6           501           376           396           402
     48   RGLS        1           686         40945         40231         37882
     48   RGRS        1           558         42286         40104         40247
     49   LGLS       -1            24             6             6            58
     49   LGRS       -1           613           524           479           465
     49   RGLS        1           996         37761         38396         41363
     49   RGRS        1           935         41684         40300         43799
