Attempt Config Distance          Time         TTime
      0   LGLS       -1           558         13102
      0   LGRS       -1          7197         12429
      0   RGLS       -1         65334       1066148
      0   RGRS       -1         12948        670898
      1   LGLS       -1           178          6068
      1   LGRS       -1          1145          3018
      1   RGLS       -1         19342        670936
      1   RGRS       -1          9089        606128
      2   LGLS        4            74           206
      2   LGRS        4           794           722
      2   RGLS        4          4998         13889
      2   RGRS        4          2997         10224
      3   LGLS        6           111           107
      3   LGRS        6           714           533
      3   RGLS        6         11562         21975
      3   RGRS        6          6684         13131
      4   LGLS       -1           172          4757
      4   LGRS       -1           743          3332
      4   RGLS       -1         13086        601390
      4   RGRS       -1         10120        643970
      5   LGLS       -1            14            36
      5   LGRS       -1           306           190
      5   RGLS       -1           198           605
      5   RGRS       -1           566           635
      6   LGLS        7           159            95
      6   LGRS        7           686           463
      6   RGLS        7         12411         13037
      6   RGRS        7         10487         12372
      7   LGLS       -1            13            21
      7   LGRS       -1           714           584
      7   RGLS       -1           190           442
      7   RGRS       -1           582           542
      8   LGLS       -1           170          4308
      8   LGRS       -1           812          2807
      8   RGLS       -1         16887        668447
      8   RGRS       -1         10385        595401
      9   LGLS       -1            19            44
      9   LGRS       -1           489           306
      9   RGLS       -1           719          1844
      9   RGRS       -1           723          2160
     10   LGLS       -1           195          4616
     10   LGRS       -1           652          2489
     10   RGLS       -1         15602        678542
     10   RGRS       -1         11017        577084
     11   LGLS        8           193           127
     11   LGRS        8           573           361
     11   RGLS        8         12187         11003
     11   RGRS        8          9341          9940
     12   LGLS        1            10           107
     12   LGRS        1           524           428
     12   RGLS        1           475          9842
     12   RGRS        1           359          9693
     13   LGLS       -1           117          2738
     13   LGRS       -1           546          2195
     13   RGLS       -1         14176        665753
     13   RGRS       -1         10585        682351
     14   LGLS       -1            17           136
     14   LGRS       -1           280           119
     14   RGLS       -1           130           261
     14   RGRS       -1           370           366
     15   LGLS        5            35            50
     15   LGRS        5           354           335
     15   RGLS        5          2543         11000
     15   RGRS        5          1887         11221
     16   LGLS        4            47            50
     16   LGRS        4           660           466
     16   RGLS        4          5423         12817
     16   RGRS        4          5081         11116
     17   LGLS        7            60            39
     17   LGRS        7           329           269
     17   RGLS        7          8975         10894
     17   RGRS        7          8366         10836
     18   LGLS       -1            17            10
     18   LGRS       -1           418           316
     18   RGLS       -1           165           316
     18   RGRS       -1           436           527
     19   LGLS       -1           105          2143
     19   LGRS       -1           589          2206
     19   RGLS       -1         11330        622363
     19   RGRS       -1         10029        605347
     20   LGLS       -1            81          1784
     20   LGRS       -1           629          2081
     20   RGLS       -1         12837        660748
     20   RGRS       -1          9912        574298
     21   LGLS        6            68            50
     21   LGRS        6           524           338
     21   RGLS        6          6394         10078
     21   RGRS        6          6192          9650
     22   LGLS       -1            73          1254
     22   LGRS       -1           561          2250
     22   RGLS       -1          9386        589622
     22   RGRS       -1          8806        611353
     23   LGLS       -1            12            15
     23   LGRS       -1           463           416
     23   RGLS       -1           436           776
     23   RGRS       -1           609           658
     24   LGLS        4            15            53
     24   LGRS        4           388           389
     24   RGLS        4          1657         10153
     24   RGRS        4          1213         10505
     25   LGLS        8            77            40
     25   LGRS        8           486           423
     25   RGLS        8         10130          9941
     25   RGRS        8         10784         10497
     26   LGLS       -1            10            10
     26   LGRS       -1           411           314
     26   RGLS       -1           135           241
     26   RGRS       -1           326           451
     27   LGLS        6            39            45
     27   LGRS        6           431           314
     27   RGLS        6          4362         12707
     27   RGRS        6          3587          9871
     28   LGLS        6           137           101
     28   LGRS        6           600           412
     28   RGLS        6          7459         11957
     28   RGRS        6          7778          9390
     29   LGLS        3            16            53
     29   LGRS        3           371           336
     29   RGLS        3           823          9392
     29   RGRS        3           830          9707
     30   LGLS        9            73            45
     30   LGRS        9           526           378
     30   RGLS        9          7318          9813
     30   RGRS        9          6671          8868
     31   LGLS        6            82            44
     31   LGRS        6           319           255
     31   RGLS        6          6813          9429
     31   RGRS        6          5747         12579
     32   LGLS        8            57            33
     32   LGRS        8           478           353
     32   RGLS        8          8195         10274
     32   RGRS        8          7899         12004
     33   LGLS        6            37            38
     33   LGRS        6           352           311
     33   RGLS        6          4304         10016
     33   RGRS        6          4440          9822
     34   LGLS        6            71            50
     34   LGRS        6           411           574
     34   RGLS        6          7071         10977
     34   RGRS        6          6463         11898
     35   LGLS        5            46            38
     35   LGRS        5           405           258
     35   RGLS        5          6044         10266
     35   RGRS        5          5232          9592
     36   LGLS        1             9            40
     36   LGRS        1           271           261
     36   RGLS        1           188          9379
     36   RGRS        1           300         10413
     37   LGLS       -1             5             8
     37   LGRS       -1           124            86
     37   RGLS       -1           107           178
     37   RGRS       -1           231           272
     38   LGLS        4            30            35
     38   LGRS        4           309           266
     38   RGLS        4          4551         10223
     38   RGRS        4          2888          9258
     39   LGLS       -1            94          2346
     39   LGRS       -1           573          1716
     39   RGLS       -1         11270        576978
     39   RGRS       -1         10644        613166
     40   LGLS       -1            10            11
     40   LGRS       -1           524           367
     40   RGLS       -1           194           298
     40   RGRS       -1           532           623
     41   LGLS       -1             4             9
     41   LGRS       -1           256           220
     41   RGLS       -1           125           254
     41   RGRS       -1           307           345
     42   LGLS       -1             9            10
     42   LGRS       -1           353           295
     42   RGLS       -1           139           237
     42   RGRS       -1           284           322
     43   LGLS        6            64            47
     43   LGRS        6           329           278
     43   RGLS        6          8874         10418
     43   RGRS        6          6274          9654
     44   LGLS        4            23            53
     44   LGRS        4           272           232
     44   RGLS        4          1527          9186
     44   RGRS        4          1346         10824
     45   LGLS        6            80            45
     45   LGRS        6           348           237
     45   RGLS        6          9280         10572
     45   RGRS        6          7335         10911
     46   LGLS       -1           101          2210
     46   LGRS       -1           437          1400
     46   RGLS       -1         11946        599469
     46   RGRS       -1         10733        614707
     47   LGLS        4           111           139
     47   LGRS        4           434           336
     47   RGLS        4          6075          9661
     47   RGRS        4          4549         10046
     48   LGLS        6            40            69
     48   LGRS        6           356           319
     48   RGLS        6          2838          9617
     48   RGRS        6          1879         11212
     49   LGLS       -1            22             9
     49   LGRS       -1           441           229
     49   RGLS       -1           144           344
     49   RGRS       -1           399           475
