Attempt Config Distance          Time        TTime4       TTime99     TTime1999
      0   LGLS        2           808          1959          1256          2046
      0   LGRS        2          6682          3165          3217          2939
      0   RGLS        2         30734         33800         25800         30344
      0   RGRS        2         22820         31647         28256         23566
      1   LGLS        2           172           545           445           700
      1   LGRS        2          2867          2646          1566          1661
      1   RGLS        2          9000         20587         21136         21211
      1   RGRS        2          2442         17749         18645         18788
      2   LGLS        2           193           379           230           496
      2   LGRS        2          1141          1233          1410          1451
      2   RGLS        2         14654         26456         29869         29442
      2   RGRS        2          9295         21956         22431         20131
      3   LGLS        1            29           571           418           848
      3   LGRS        1          1492          1361          1212          1383
      3   RGLS        1           949         28891         27181         28791
      3   RGRS        1           756         23802         19713         19898
      4   LGLS        1            47           497           442           726
      4   LGRS        1          1381          1220          1136          1401
      4   RGLS        1           715         26552         21541         26338
      4   RGRS        1           562         21050         21345         18464
      5   LGLS        2           130           397           275           519
      5   LGRS        2          1133           886           817           885
      5   RGLS        2          4185         26112         25473         24395
      5   RGRS        2          3263         21403         87010         18813
      6   LGLS        2           173           356           216           450
      6   LGRS        2           992           857           788           816
      6   RGLS        2          7690         19251         18609         26093
      6   RGRS        2          5247         19095         17716         18534
      7   LGLS        1            28           499           288           644
      7   LGRS        1           996           849           785           934
      7   RGLS        1           769         17800         18846         19995
      7   RGRS        1           571         20934         17558         18487
      8   LGLS        1            38           317           204           436
      8   LGRS        1           991           902           823           743
      8   RGLS        1           603         19070         17754         21076
      8   RGRS        1           630         19023         17760         17154
      9   LGLS        0             4           429           220           488
      9   LGRS        0          1104          1135           841           811
      9   RGLS        0             9         19060         21736         25979
      9   RGRS        0           262         18244         18407         17763
     10   LGLS        2           131           328           262           548
     10   LGRS        2           846           973           976           872
     10   RGLS        2          6702         17513         16983         24030
     10   RGRS        2          3899         26377         24920         23474
     11   LGLS        2           161           492           392           850
     11   LGRS        2          1018           806           926          1084
     11   RGLS        2          4737         18820         18103         19605
     11   RGRS        2          4759         19844         20511         16710
     12   LGLS        2           100           345           247           585
     12   LGRS        2           902           935           839           887
     12   RGLS        2          3865         16862         16747         19847
     12   RGRS        2          2784         22627         21415         17809
     13   LGLS        2           142           352           222           486
     13   LGRS        2           812           777           910           899
     13   RGLS        2          3826         18357         17725         20901
     13   RGRS        2          3890         17490         17570         16557
     14   LGLS        2            94           257           183           468
     14   LGRS        2           811           777           730           731
     14   RGLS        2          4374         18932         18179         20710
     14   RGRS        2          4550         22154         17726         17697
     15   LGLS        2           105           258           160           373
     15   LGRS        2           716           671           697           658
     15   RGLS        2          5440         18666         92261         21879
     15   RGRS        2          3457         16807         17155         16429
     16   LGLS        1            28           538           379           596
     16   LGRS        1           967           809           708           704
     16   RGLS        1           325         17923         17427         19447
     16   RGRS        1           480         22556         18083         16559
     17   LGLS        2           226           547           441           671
     17   LGRS        2           819           729           698           696
     17   RGLS        2          5680         18289         16720         24350
     17   RGRS        2          3818         20010         17741         16520
     18   LGLS        2           122           358           215           484
     18   LGRS        2          1114           953           752           759
     18   RGLS        2          5481         18412         17500         21161
     18   RGRS        2          4388         18951         17042         16774
     19   LGLS        2           100           342           162           366
     19   LGRS        2           778           835          1084           740
     19   RGLS        2          3382         17737         17945         18775
     19   RGRS        2          3046         18744         17028         16529
     20   LGLS        2            98           291           179           408
     20   LGRS        2          1084           740           747           704
     20   RGLS        2          3033         18731         18128         22092
     20   RGRS        2          2726         18782         18580         17042
     21   LGLS        1            22           326           202           503
     21   LGRS        1           911           772           726           733
     21   RGLS        1           500         16933         16623         19068
     21   RGRS        1           554         21231         20826         21375
     22   LGLS        2           109           453           343           743
     22   LGRS        2          1046           792           642           660
     22   RGLS        2          3462         18762         18404         22482
     22   RGRS        2          3128         18988         17126         17195
     23   LGLS        2           151           357           190           317
     23   LGRS        2           793           709           620           589
     23   RGLS        2          5635         19656         19062         21420
     23   RGRS        2          4205         19540         20033         20948
     24   LGLS        3           309           295           156           270
     24   LGRS        3           936           817           599           583
     24   RGLS        3         23941         22209         20986         18957
     24   RGRS        3         16279         22798         20916         20913
     25   LGLS        2           185           342           245           418
     25   LGRS        2          1289          1097          1082           981
     25   RGLS        2          8014         18292         17269         19306
     25   RGRS        2          6701         21498         18413         19379
     26   LGLS        3           250           122           127           184
     26   LGRS        3           734           637           651           636
     26   RGLS        3         18140         20134         21758         22635
     26   RGRS        3         21112         21114         20178         21872
     27   LGLS        2           105           200           106           177
     27   LGRS        2           780           720           714           796
     27   RGLS        2          4504         22763         20044         23759
     27   RGRS        2          5025         23548         21630         20681
     28   LGLS        2           218           463           247           400
     28   LGRS        2           930           814           829           868
     28   RGLS        2          6895         21494         20219         25275
     28   RGRS        2          4215         21495         20070         19503
     29   LGLS        2            95           239           124           218
     29   LGRS        2          1070          1058          1172          1063
     29   RGLS        2          4110         21662         22066         23709
     29   RGRS        2          3668         22049         18518         20154
     30   LGLS        2           114           250           156           259
     30   LGRS        2           788           713           697           779
     30   RGLS        2          4428         18783         18461         23182
     30   RGRS        2          3434         22230         19737         19571
     31   LGLS        2           102           226           147         13559
     31   LGRS        2          1259          1003           955          1024
     31   RGLS        2         12947         20848         22054         19287
     31   RGRS        2          3367         20714         19347         19221
     32   LGLS        2            66           141           120           227
     32   LGRS        2           772           658           664           673
     32   RGLS        2          3571         19823         20479         22947
     32   RGRS        2          3414         24298         19797         18860
     33   LGLS        2            65           101            85           118
     33   LGRS        2          1003           790           703           772
     33   RGLS        2          4547         21271         19998         24336
     33   RGRS        2        144636         32754         22423         19115
     34   LGLS        2            58           117            97           199
     34   LGRS        2           933           675           763           961
     34   RGLS        2          3399         19355         17428         19572
     34   RGRS        2          3534         21031         20653         19516
     35   LGLS        2            53           102            86           138
     35   LGRS        2           694           664           619           680
     35   RGLS        2          4475         23237         19080         21693
     35   RGRS        2          3891         18822         16841         16840
     36   LGLS        2            44           124            86           122
     36   LGRS        2           700           641           626           642
     36   RGLS        2          2625         19226         18853         19579
     36   RGRS        2          3165         19200         17851         17091
     37   LGLS        2            81           172           148           233
     37   LGRS        2          1030           958           905           681
     37   RGLS        2          4036         18068         17482         19092
     37   RGRS        2          4511         20048         18838         16769
     38   LGLS        2            76           128            92           266
     38   LGRS        2           775           643           656           664
     38   RGLS        2          6314         23562         20341         19673
     38   RGRS        2          4612         20174         18784         17332
     39   LGLS        2            94           258           202           214
     39   LGRS        2          1164           961           854           887
     39   RGLS        2          4451         18227         18498         23751
     39   RGRS        2          2638         19091         19095         17484
     40   LGLS        2           100           213           182           211
     40   LGRS        2          1088           805           825           817
     40   RGLS        2          4524         20318         17561         22697
     40   RGRS        2          3352         18338         17135         16670
     41   LGLS        1            20           129           101           149
     41   LGRS        1           709           690           693           678
     41   RGLS        1           337         19414         17543         20144
     41   RGRS        1           415         24344         19008         16778
     42   LGLS        2            57            99            82            95
     42   LGRS        2           656           597           555           588
     42   RGLS        2          3235         17684         17437         19809
     42   RGRS        2          3636         18885         17819         17003
     43   LGLS        2            54           101            82           105
     43   LGRS        2           859           930           908           865
     43   RGLS        2          3125         18087         17921         21908
     43   RGRS        2          3923         18369         17204         17173
     44   LGLS        2           145           213           182           229
     44   LGRS        2           895           949          1233          1097
     44   RGLS        2          6617         17965         17474         23411
     44   RGRS        2          5669         19777         18602         16996
     45   LGLS        2           128           205           176           204
     45   LGRS        2           859           818           744           629
     45   RGLS        2          4932         18252         16658         20654
     45   RGRS        2          5626         20683         18920         19166
     46   LGLS        2            80           140           118           169
     46   LGRS        2           714           618           565           608
     46   RGLS        2          3531         23053         17679         20605
     46   RGRS        2          3241         21953         21175         20941
     47   LGLS        2            82           133           110           129
     47   LGRS        2          1017           975           674           710
     47   RGLS        2          5839         18009         19327         21157
     47   RGRS        2          5848         22153         19109         18701
     48   LGLS        2            81           147           117           144
     48   LGRS        2          1024           970           848           739
     48   RGLS        2          5359         17838         19196         21695
     48   RGRS        2          4318         19552         19425         21756
     49   LGLS        2           107           220           193           299
     49   LGRS        2           847           723           658           589
     49   RGLS        2          4843         18025         17529         20205
     49   RGRS        2          5556         20953         17546         18348
