Attempt Config Distance          Time         TTime
      0   LGLS        2           629          1656
      0   LGRS        2         13008          7351
      0   RGLS        2         46540        156172
      0   RGRS        2         25844         79191
      1   LGLS        2           243           909
      1   LGRS        2          6127          5288
      1   RGLS        2         12318         69675
      1   RGRS        2          9475         59323
      2   LGLS        2           189           443
      2   LGRS        2          4097          4451
      2   RGLS        2         27137         66561
      2   RGRS        2         17089         76518
      3   LGLS        1            31           550
      3   LGRS        1          2171          2420
      3   RGLS        1          1006         42168
      3   RGRS        1          1471         46462
      4   LGLS        1            47           651
      4   LGRS        1          2712          3152
      4   RGLS        1          1103         52997
      4   RGRS        1          1420         49271
      5   LGLS        2           180           688
      5   LGRS        2          1978          1786
      5   RGLS        2         10314         40690
      5   RGRS        2          7550         45110
      6   LGLS        2           236           504
      6   LGRS        2          1411          2226
      6   RGLS        2         20903         49590
      6   RGRS        2         12851         33906
      7   LGLS        1            29           483
      7   LGRS        1          1384          1533
      7   RGLS        1           616         35048
      7   RGRS        1          1474         45344
      8   LGLS        1            31           615
      8   LGRS        1          1642          2933
      8   RGLS        1           990         38658
      8   RGRS        1          1344         33566
      9   LGLS        0             4           556
      9   LGRS        0          1306          1701
      9   RGLS        0             7         70849
      9   RGRS        0           447         34596
     10   LGLS        2           119           424
     10   LGRS        2          1174          1429
     10   RGLS        2          7784         37252
     10   RGRS        2          6578         37260
     11   LGLS        2           125           416
     11   LGRS        2          1778          1406
     11   RGLS        2          6942         29326
     11   RGRS        2          3495         31510
     12   LGLS        2           144           448
     12   LGRS        2          2389          2057
     12   RGLS        2          5931         30499
     12   RGRS        2          5207         36819
     13   LGLS        2           130           439
     13   LGRS        2          1309          1549
     13   RGLS        2          6682         30182
     13   RGRS        2          5716         31885
     14   LGLS        2           160           318
     14   LGRS        2           940          1445
     14   RGLS        2          8807         25733
     14   RGRS        2          4508         27392
     15   LGLS        2           100           316
     15   LGRS        2          1025          1191
     15   RGLS        2          6599         24873
     15   RGRS        2          3767         28625
     16   LGLS        1            22           570
     16   LGRS        1          1241          3043
     16   RGLS        1           648         23765
     16   RGRS        1           643         52927
     17   LGLS        2           156           358
     17   LGRS        2           800           840
     17   RGLS        2          5588         21668
     17   RGRS        2          3271         23673
     18   LGLS        2           139           403
     18   LGRS        2          1319          1522
     18   RGLS        2          6048         24299
     18   RGRS        2          3966         28606
     19   LGLS        2           194           536
     19   LGRS        2          1279          1498
     19   RGLS        2          5055         26064
     19   RGRS        2          3107         26561
     20   LGLS        2            94           432
     20   LGRS        2          1366          1877
     20   RGLS        2          5778         24485
     20   RGRS        2          2573         25001
     21   LGLS        1            24           407
     21   LGRS        1           820           860
     21   RGLS        1           444         23529
     21   RGRS        1           431         20818
     22   LGLS        2            94           464
     22   LGRS        2          1079          1159
     22   RGLS        2          3282         22710
     22   RGRS        2          2537         21774
     23   LGLS        2           117           282
     23   LGRS        2           849           875
     23   RGLS        2          7178         24190
     23   RGRS        2          4871         22772
     24   LGLS        3           284           219
     24   LGRS        3          1023          1031
     24   RGLS        3         22535         19032
     24   RGRS        3         21637         22788
     25   LGLS        2           194           342
     25   LGRS        2           759           736
     25   RGLS        2          6812         26715
     25   RGRS        2          5810         22756
     26   LGLS        3           379           231
     26   LGRS        3          1277          1271
     26   RGLS        3         21315         21133
     26   RGRS        3         22829         19621
     27   LGLS        2           153           390
     27   LGRS        2          1028          1242
     27   RGLS        2          5647         20639
     27   RGRS        2          4291         19620
     28   LGLS        2           166           354
     28   LGRS        2          1221          1503
     28   RGLS        2          5412         25991
     28   RGRS        2          6964         21565
     29   LGLS        2           115           347
     29   LGRS        2           785           910
     29   RGLS        2          3718         20600
     29   RGRS        2          3580         76158
     30   LGLS        2           122           254
     30   LGRS        2           703           671
     30   RGLS        2          3474         17150
     30   RGRS        2          2977         20373
     31   LGLS        2           137           478
     31   LGRS        2           804           708
     31   RGLS        2          4299         17375
     31   RGRS        2          2890         17787
     32   LGLS        2           139           513
     32   LGRS        2           922           914
     32   RGLS        2          4200         18672
     32   RGRS        2          2793         18290
     33   LGLS        2           115           274
     33   LGRS        2           644           659
     33   RGLS        2          5024         22488
     33   RGRS        2          4834         20946
     34   LGLS        2           122           325
     34   LGRS        2           858           975
     34   RGLS        2          4198         20235
     34   RGRS        2          2967         18129
     35   LGLS        2           106           250
     35   LGRS        2           865           792
     35   RGLS        2          4477         18101
     35   RGRS        2          3799         17335
     36   LGLS        2           105           359
     36   LGRS        2           691           807
     36   RGLS        2          3046         18009
     36   RGRS        2          2540         17626
     37   LGLS        2           134           336
     37   LGRS        2           955           928
     37   RGLS        2          4536         17984
     37   RGRS        2          3562         17126
     38   LGLS        2           165           327
     38   LGRS        2          1026          1111
     38   RGLS        2          6061         18614
     38   RGRS        2          4787         17827
     39   LGLS        2            92           447
     39   LGRS        2          1430          1484
     39   RGLS        2          4110         18179
     39   RGRS        2          2413         17083
     40   LGLS        2           107           346
     40   LGRS        2           703           743
     40   RGLS        2          3774         18237
     40   RGRS        2          3126         17397
     41   LGLS        1            32           384
     41   LGRS        1           612           680
     41   RGLS        1           349         18261
     41   RGRS        1           376         16614
     42   LGLS        2           170           613
     42   LGRS        2           968           993
     42   RGLS        2          4797         20768
     42   RGRS        2          3760         19030
     43   LGLS        2           106           344
     43   LGRS        2          1120          1509
     43   RGLS        2          4062         69966
     43   RGRS        2          3029         21379
     44   LGLS        2           155           282
     44   LGRS        2           740           748
     44   RGLS        2          6544         18579
     44   RGRS        2          5477         21816
     45   LGLS        2           136           374
     45   LGRS        2           975          1017
     45   RGLS        2          6261         25657
     45   RGRS        2          7145         25013
     46   LGLS        2           147           405
     46   LGRS        2           739           656
     46   RGLS        2          3426         21090
     46   RGRS        2          3196         16906
     47   LGLS        2           171           374
     47   LGRS        2          1036          1142
     47   RGLS        2          6320         22636
     47   RGRS        2          4796         19826
     48   LGLS        2           132           324
     48   LGRS        2           930           961
     48   RGLS        2          5547         19658
     48   RGRS        2          3885         20321
     49   LGLS        2           141           533
     49   LGRS        2          1021           855
     49   RGLS        2          4918         21273
     49   RGRS        2          3242         20203
