Attempt Config Distance          Time        TTime4       TTime99     TTime1999
      0   LGLS       -1            86           110            93          1613
      0   LGRS       -1          1842           310           191           214
      0   RGLS        1          3116         44478         43099         37931
      0   RGRS        1           791         38255         35216         34297
      1   LGLS       -1            34            19            38           457
      1   LGRS       -1           399           250           232           606
      1   RGLS        1          1502         40785         37592         36132
      1   RGRS        1           981         43202         40493         40851
      2   LGLS       -1            42            30            43           510
      2   LGRS       -1           403           257           196           171
      2   RGLS        1          1282         40719         40361         39294
      2   RGRS        1           932        392269         98989         34790
      3   LGLS       -1            27            17            54           409
      3   LGRS       -1           468           271           304           428
      3   RGLS        1          2123         38457         35618         38005
      3   RGRS        1           925         39509         34495         35071
      4   LGLS       -1            10            13            22           241
      4   LGRS       -1           353           139           140           135
      4   RGLS        1          1047         41023         40681         37448
      4   RGRS        1          1222         37811         34374         34943
      5   LGLS       -1            16            16            71           264
      5   LGRS       -1           384           204           176           190
      5   RGLS        1          1239         35932         40032         40442
      5   RGRS        1          1359         41947         37797         38850
      6   LGLS       -1            26            24            59           624
      6   LGRS       -1           387           247           269           274
      6   RGLS        1          1287         38100         39572         34431
      6   RGRS        1           712         36096         34771         34788
      7   LGLS       -1            16            22            50           537
      7   LGRS       -1           390           294           161           252
      7   RGLS        1           764         37042         45015         37437
      7   RGRS        1           798         38483         34885         35942
      8   LGLS       -1            38            43           116          1480
      8   LGRS       -1           388           230           259           339
      8   RGLS        1           936         40066         36858         38601
      8   RGRS        1           665         36073         35027         38400
      9   LGLS       -1            11            16            19           251
      9   LGRS       -1           376           210           196           185
      9   RGLS        1           806         35299         38142         35333
      9   RGRS        1           575         38055         35397         35498
     10   LGLS       -1            15            25            50           632
     10   LGRS       -1           444           258           222           236
     10   RGLS        1           929         37839         39910         40506
     10   RGRS        1           725         37262         35095         35234
     11   LGLS       -1            14            18            38           361
     11   LGRS       -1           405           365           211           253
     11   RGLS        1           868         34209         37741         36907
     11   RGRS        1           606         42021         35331         36292
     12   LGLS       -1            16            33           388           761
     12   LGRS       -1           417           262           317           597
     12   RGLS        1           868         37600         35870         34042
     12   RGRS        1           602        390157         44363         40290
     13   LGLS       -1            24            19            35           534
     13   LGRS       -1           382           203           195           281
     13   RGLS        1           895         42501         44353         43183
     13   RGRS        1          1025         45235         36103         34921
     14   LGLS       -1            13            12            34           289
     14   LGRS       -1           337           180           185           208
     14   RGLS        1           918         39446         34091         38277
     14   RGRS        1          1110         38617         38338         38641
     15   LGLS       -1            15            20            38           321
     15   LGRS       -1           333           229           171           195
     15   RGLS        1          1241         52594         50044         40752
     15   RGRS        1           989         40371         34486         40225
     16   LGLS       -1            14            12            20           266
     16   LGRS       -1           326           187           212           202
     16   RGLS        1           948         44242         43841         40262
     16   RGRS        1          1463         44650         41195         39741
     17   LGLS       -1            12            12            18           241
     17   LGRS       -1           360           189           179           229
     17   RGLS        1           780         44604         44081         45760
     17   RGRS        1          1417         56875         45763         37838
     18   LGLS       -1            18            16            38           388
     18   LGRS       -1           347           260           256           194
     18   RGLS        1           865         45891         41252         46142
     18   RGRS        1           758         43921         44054         42516
     19   LGLS       -1            15           149            25           402
     19   LGRS       -1           399           202           182           214
     19   RGLS        1          1124         45601         37088         41152
     19   RGRS        1           847         42304         39248         39909
     20   LGLS       -1            14            14            37           592
     20   LGRS       -1           285           189           197           170
     20   RGLS        1           668         35940         36838         38564
     20   RGRS        1           537         37518         47141         41606
     21   LGLS       -1            14            13            25           448
     21   LGRS       -1           236           136           125           151
     21   RGLS        1           868         38849         37669         38267
     21   RGRS        1           830         38167         38162         36854
     22   LGLS       -1            13            13            25           242
     22   LGRS       -1           417           289           193           215
     22   RGLS        1          1032         41494         37169         40005
     22   RGRS        1           875        429082        100607         43295
     23   LGLS       -1            14            11            24           176
     23   LGRS       -1           251           133           140           178
     23   RGLS        1           756         44226         49546         41760
     23   RGRS        1           652         41089         40355         39699
     24   LGLS       -1            13            83            11           137
     24   LGRS       -1           536           193           128           145
     24   RGLS        1           795         42900         44281         37517
     24   RGRS        1           775         45253         39314         40272
     25   LGLS       -1            12            30            18           122
     25   LGRS       -1           331           115           116           174
     25   RGLS        1           678         43213         53910         51812
     25   RGRS        1           955         44402         47908         41671
     26   LGLS       -1            17            12            20           230
     26   LGRS       -1           276           136           130           181
     26   RGLS        1           744         41048         45558         41277
     26   RGRS        1           630         35727         44722         39909
     27   LGLS       -1            38            23             8           114
     27   LGRS       -1           212           125           109           122
     27   RGLS        1           656         37406         36034         35067
     27   RGRS        1           586         38600         38198         37121
     28   LGLS       -1            16            15            17           280
     28   LGRS       -1           291           140           170           198
     28   RGLS        1           901         36208         36859         39419
     28   RGRS        1           654         35224         38991         37591
     29   LGLS       -1            18            24            14           250
     29   LGRS       -1           306           220           242           188
     29   RGLS        1           805         38132         41567         40751
     29   RGRS        1           650         36053         42189         43680
     30   LGLS       -1            16            10            18           218
     30   LGRS       -1           199           102            96           145
     30   RGLS        1           712         42829         41327         37985
     30   RGRS        1           616         40081         37772         36947
     31   LGLS       -1             9             8            11           129
     31   LGRS       -1           284           131           119           159
     31   RGLS        1           757         45671         43401         40507
     31   RGRS        1           633         39187         38670         58049
     32   LGLS       -1            15            16            24           393
     32   LGRS       -1           319           225           191           290
     32   RGLS        1          1021         42023         40743         41798
     32   RGRS        1           647         43593        430198         50960
     33   LGLS       -1            13            16            21           282
     33   LGRS       -1           221           104           110           143
     33   RGLS        1           762         53999         39405         36749
     33   RGRS        1           869         46487         40990         39331
     34   LGLS       -1            12             9            15           163
     34   LGRS       -1           287           164           130           156
     34   RGLS        1           924         40538         39699         38460
     34   RGRS        1           612         35690         34119         36920
     35   LGLS       -1            13             9            13           185
     35   LGRS       -1           216           125           130           152
     35   RGLS        1          1089         43438         41355         39175
     35   RGRS        1           926         47296         40781         39002
     36   LGLS       -1            12            10            14           162
     36   LGRS       -1           262           146           117           168
     36   RGLS        1           821         40213         40540         39460
     36   RGRS        1           593         41859         39729         38732
     37   LGLS       -1            10             9            11           158
     37   LGRS       -1           249           130           119           141
     37   RGLS        1           849         47618         42464         38830
     37   RGRS        1           630         43902         38047         39506
     38   LGLS       -1            11            10            15           202
     38   LGRS       -1           248           140           131           154
     38   RGLS        1           945         44045         45739         42265
     38   RGRS        1           628         39328         35089         41478
     39   LGLS        0             5            10            10           118
     39   LGRS        0           224           108           104           122
     39   RGLS        0            11         37303         46424         43113
     39   RGRS        0           286         44360         37438         37245
     40   LGLS       -1            56            26            62          1129
     40   LGRS       -1           411           253           264           673
     40   RGLS        1          1327         42920         35135         47156
     40   RGRS        1           571         40371         41651         38552
     41   LGLS       -1            11            51             8           100
     41   LGRS       -1           256           117           107           141
     41   RGLS        1           758         44308         43195         38788
     41   RGRS        1           574         42380         45049         36583
     42   LGLS       -1            10             9             7           101
     42   LGRS       -1           230           112           121           140
     42   RGLS        1           783         39319         36213         35192
     42   RGRS        1           532         43573        389943         44020
     43   LGLS       -1            10             8             6            84
     43   LGRS       -1           177           107            88           117
     43   RGLS        1           725         49396         45978         35585
     43   RGRS        1           544         43552         36674         33952
     44   LGLS       -1            17            81            20           285
     44   LGRS       -1           217           142           145           204
     44   RGLS        1          1185         36060         35317         34095
     44   RGRS        1           690         39819         35205         36305
     45   LGLS       -1            11            11             7            94
     45   LGRS       -1           223           141           144           172
     45   RGLS        1           800         36998         35577         37274
     45   RGRS        1           818         41173         36391         37490
     46   LGLS       -1            18            12            14           135
     46   LGRS       -1           332           236           180           194
     46   RGLS        1           890         39909         34250         34369
     46   RGRS        1           700         38202         35192         35131
     47   LGLS       -1            16            15            27           351
     47   LGRS       -1           278           187           189           316
     47   RGLS        1           800         40373         40829         41218
     47   RGRS        1           594         36707         34781         34382
     48   LGLS       -1            26            13            11           136
     48   LGRS       -1           224           133           141           168
     48   RGLS        1          1331         41021         40457         38101
     48   RGRS        1           557         40354         36324         34223
     49   LGLS       -1            14             7            13           136
     49   LGRS       -1           221           170           152           197
     49   RGLS        1          1096         40495         39218         35448
     49   RGRS        1           728         38151         34294         38511
