Attempt Config Distance          Time         TTime
      0   LGLS        1           216          3166
      0   LGRS        1          9874          5382
      0   RGLS        1          3572         51844
      0   RGRS        1          1540         51079
      1   LGLS        1            78           782
      1   LGRS        1          3126          2725
      1   RGLS        1          2642         41615
      1   RGRS        1           976         44119
      2   LGLS        1            75           711
      2   LGRS        1          1689          1847
      2   RGLS        1          1795         40525
      2   RGRS        1          1206        481299
      3   LGLS        1            86           797
      3   LGRS        1          5372          2149
      3   RGLS        1          1422         45557
      3   RGRS        1           856         40586
      4   LGLS        1            58           720
      4   LGRS        1          1599          1512
      4   RGLS        1          1219         37648
      4   RGRS        1           750         38921
      5   LGLS        1            59           669
      5   LGRS        1          1424          1437
      5   RGLS        1          1186         37962
      5   RGRS        1           922         37453
      6   LGLS        1           162           832
      6   LGRS        1          1417          1596
      6   RGLS        1           984         37237
      6   RGRS        1           528         37106
      7   LGLS        1            77           606
      7   LGRS        1          1599          1591
      7   RGLS        1          1152         37440
      7   RGRS        1           997         41761
      8   LGLS        1            71           416
      8   LGRS        1          1708          2130
      8   RGLS        1          1462         38299
      8   RGRS        1           857         45938
      9   LGLS        1            40           341
      9   LGRS        1          1566          1691
      9   RGLS        1           855         35628
      9   RGRS        1           668         36427
     10   LGLS        1            66           561
     10   LGRS        1          1672          1809
     10   RGLS        1          1108         37617
     10   RGRS        1           620         37745
     11   LGLS        1            76           585
     11   LGRS        1          1591          1823
     11   RGLS        1           978         39715
     11   RGRS        1           790         41214
     12   LGLS        1            52           393
     12   LGRS        1          1310          1321
     12   RGLS        1           921         41334
     12   RGRS        1           662         39170
     13   LGLS        1            94           793
     13   LGRS        1          1746          2094
     13   RGLS        1           851         38485
     13   RGRS        1           628         39547
     14   LGLS        1            58           485
     14   LGRS        1          1684          1960
     14   RGLS        1          1001         38699
     14   RGRS        1           651         36257
     15   LGLS        1            55           390
     15   LGRS        1          1555          1775
     15   RGLS        1          1358         39380
     15   RGRS        1           727         38248
     16   LGLS        1            57           473
     16   LGRS        1          1473          1906
     16   RGLS        1          1121         36926
     16   RGRS        1           601         38518
     17   LGLS        1            77           635
     17   LGRS        1          2007          1513
     17   RGLS        1           975         38615
     17   RGRS        1           788         39951
     18   LGLS        1            52           364
     18   LGRS        1          1572          1625
     18   RGLS        1           719         38125
     18   RGRS        1           532         36283
     19   LGLS        1            42           319
     19   LGRS        1          1647          1649
     19   RGLS        1           695         38923
     19   RGRS        1           497         40469
     20   LGLS        1            54           424
     20   LGRS        1          1520          1540
     20   RGLS        1           677         40625
     20   RGRS        1           650         36711
     21   LGLS        1            54           390
     21   LGRS        1          1928          2149
     21   RGLS        1           796         36438
     21   RGRS        1           816         38622
     22   LGLS        1            36           281
     22   LGRS        1          1952          2371
     22   RGLS        1           798         37681
     22   RGRS        1           562         36009
     23   LGLS        1            33           275
     23   LGRS        1          1438          1632
     23   RGLS        1           680         40403
     23   RGRS        1           499         38593
     24   LGLS        1            39           343
     24   LGRS        1          1521          1824
     24   RGLS        1           657         38457
     24   RGRS        1           594         37875
     25   LGLS        1            39           291
     25   LGRS        1          2003          1677
     25   RGLS        1           652         39675
     25   RGRS        1           552         35327
     26   LGLS        1            32           273
     26   LGRS        1          1293          1524
     26   RGLS        1           662         38993
     26   RGRS        1           603         40028
     27   LGLS        1            75           947
     27   LGRS        1          2577          1905
     27   RGLS        1           984         42331
     27   RGRS        1           798         41995
     28   LGLS        1            64           623
     28   LGRS        1          2970          2158
     28   RGLS        1           799         40504
     28   RGRS        1           527         38564
     29   LGLS        1            41           390
     29   LGRS        1          1954          1513
     29   RGLS        1           731         41253
     29   RGRS        1           587         41283
     30   LGLS        1            56           597
     30   LGRS        1          2007          2253
     30   RGLS        1           866         41854
     30   RGRS        1           560         40857
     31   LGLS        1            38           376
     31   LGRS        1          1296          1618
     31   RGLS        1           975         44051
     31   RGRS        1           537         41306
     32   LGLS        1            51           532
     32   LGRS        1          1505          1692
     32   RGLS        1          1161         42199
     32   RGRS        1           752         36822
     33   LGLS        1            31           266
     33   LGRS        1          1711          1719
     33   RGLS        1           730        405635
     33   RGRS        1           829         61784
     34   LGLS        1            41           360
     34   LGRS        1          1087          1222
     34   RGLS        1           708         45222
     34   RGRS        1           631         42523
     35   LGLS        1            56           389
     35   LGRS        1          1212          1388
     35   RGLS        1           749         37007
     35   RGRS        1           566         37138
     36   LGLS        1            42           381
     36   LGRS        1          1985          2209
     36   RGLS        1           820         34953
     36   RGRS        1           535         36626
     37   LGLS        1            60           435
     37   LGRS        1          2042          2316
     37   RGLS        1           803         36200
     37   RGRS        1           582         38059
     38   LGLS        1            46           479
     38   LGRS        1          1584          1588
     38   RGLS        1           908         33862
     38   RGRS        1           536         37942
     39   LGLS        1           167           745
     39   LGRS        1          1908          1855
     39   RGLS        1           647         33613
     39   RGRS        1           515         35124
     40   LGLS        1            52           422
     40   LGRS        1          1313          1844
     40   RGLS        1           777         37099
     40   RGRS        1           548         38726
     41   LGLS        1            41           384
     41   LGRS        1          1877          2125
     41   RGLS        1           724         39606
     41   RGRS        1           523         37708
     42   LGLS        1            57           591
     42   LGRS        1          2010          2034
     42   RGLS        1           685         38131
     42   RGRS        1           568         39328
     43   LGLS        1            75           505
     43   LGRS        1          2020          2270
     43   RGLS        1           853         36139
     43   RGRS        1           601         42927
     44   LGLS        1            60           461
     44   LGRS        1          2008          2203
     44   RGLS        1           846         38828
     44   RGRS        1           635         39448
     45   LGLS        1            52           614
     45   LGRS        1          1600          1827
     45   RGLS        1           736         45696
     45   RGRS        1           517         40445
     46   LGLS        1            56           625
     46   LGRS        1          1912          2094
     46   RGLS        1           672         41473
     46   RGRS        1           598         38252
     47   LGLS        1            52           581
     47   LGRS        1          1993          2323
     47   RGLS        1           795         40311
     47   RGRS        1           811         37005
     48   LGLS        1            61           614
     48   LGRS        1          1691          1738
     48   RGLS        1           846         39456
     48   RGRS        1           576         37852
     49   LGLS        1            65           620
     49   LGRS        1          1725          1797
     49   RGLS        1           860         39480
     49   RGRS        1           494         39477
