Attempt Config Distance          Time         TTime
      0   LGLS       -1            99           190
      0   LGRS       -1          1950           399
      0   RGLS        1          1574         24855
      0   RGRS        1           723         19675
      1   LGLS       -1            11            92
      1   LGRS       -1           338           213
      1   RGLS        1           902         22552
      1   RGRS        1           943         25832
      2   LGLS       -1            17            79
      2   LGRS       -1           558           354
      2   RGLS        1          1655         28883
      2   RGRS        1           888         21120
      3   LGLS       -1           102            41
      3   LGRS       -1           556          1035
      3   RGLS        1          1304         23570
      3   RGRS        1           650         23146
      4   LGLS       -1            32            32
      4   LGRS       -1           334           159
      4   RGLS        1           575         22009
      4   RGRS        1           682         20354
      5   LGLS       -1            19            42
      5   LGRS       -1           411           291
      5   RGLS        1          1199        203866
      5   RGRS        1           891         19968
      6   LGLS       -1            32            96
      6   LGRS       -1           349           213
      6   RGLS        1           701         17811
      6   RGRS        1           894         18055
      7   LGLS       -1            39            74
      7   LGRS       -1           499           296
      7   RGLS        1           722         18052
      7   RGRS        1           761         18028
      8   LGLS       -1            52           133
      8   LGRS       -1           389           239
      8   RGLS        1           574         18566
      8   RGRS        1           715         18998
      9   LGLS       -1            22            39
      9   LGRS       -1           348           280
      9   RGLS        1           726         20330
      9   RGRS        1           415         18774
     10   LGLS       -1            26            45
     10   LGRS       -1           401           226
     10   RGLS        1           617         20296
     10   RGRS        1           588         22944
     11   LGLS       -1            19            45
     11   LGRS       -1           402           304
     11   RGLS        1           745         24397
     11   RGRS        1           646         24784
     12   LGLS       -1            19           148
     12   LGRS       -1           338           255
     12   RGLS        1           796         19980
     12   RGRS        1           823         20783
     13   LGLS       -1            16            83
     13   LGRS       -1           400           300
     13   RGLS        1           884         21060
     13   RGRS        1           734         23099
     14   LGLS       -1            13            39
     14   LGRS       -1           359           242
     14   RGLS        1           918         19406
     14   RGRS        1           870         22108
     15   LGLS       -1            16            28
     15   LGRS       -1           418           249
     15   RGLS        1          1049         23590
     15   RGRS        1           927         24956
     16   LGLS       -1            12            31
     16   LGRS       -1           316           171
     16   RGLS        1           501         18703
     16   RGRS        1           577         17262
     17   LGLS       -1            17            55
     17   LGRS       -1           336           243
     17   RGLS        1           599         18292
     17   RGRS        1           768         21031
     18   LGLS       -1            13            38
     18   LGRS       -1           312           201
     18   RGLS        1           484         17977
     18   RGRS        1           459         19165
     19   LGLS       -1            12            30
     19   LGRS       -1           249           155
     19   RGLS        1           512         19553
     19   RGRS        1           458         20298
     20   LGLS       -1            17            54
     20   LGRS       -1           310           156
     20   RGLS        1           481         20759
     20   RGRS        1           732         22648
     21   LGLS       -1            49            88
     21   LGRS       -1           314           240
     21   RGLS        1           798         19595
     21   RGRS        1           622         20647
     22   LGLS       -1            20            39
     22   LGRS       -1           400           272
     22   RGLS        1           771         21082
     22   RGRS        1           573         18754
     23   LGLS       -1            15            38
     23   LGRS       -1           326           217
     23   RGLS        1           737         18619
     23   RGRS        1           467         17458
     24   LGLS       -1            12            30
     24   LGRS       -1           332           201
     24   RGLS        1           544         19762
     24   RGRS        1           530         21003
     25   LGLS       -1            13            40
     25   LGRS       -1           323           236
     25   RGLS        1           541         17780
     25   RGRS        1           500         17451
     26   LGLS       -1            14            61
     26   LGRS       -1           309           226
     26   RGLS        1           499         17285
     26   RGRS        1           414         17901
     27   LGLS       -1            24            38
     27   LGRS       -1           260           142
     27   RGLS        1           396         17278
     27   RGRS        1           366         17920
     28   LGLS       -1            16            45
     28   LGRS       -1           255           163
     28   RGLS        1           440         17921
     28   RGRS        1           392         18064
     29   LGLS       -1            29            43
     29   LGRS       -1           194           143
     29   RGLS        1           411         17072
     29   RGRS        1           672         18554
     30   LGLS       -1            15            42
     30   LGRS       -1           294           186
     30   RGLS        1           428         17453
     30   RGRS        1           431         17677
     31   LGLS       -1            11            29
     31   LGRS       -1           226           227
     31   RGLS        1           424         19838
     31   RGRS        1           418         17324
     32   LGLS       -1            14            46
     32   LGRS       -1           242           166
     32   RGLS        1           423         18882
     32   RGRS        1           389         17158
     33   LGLS       -1            15           106
     33   LGRS       -1           305           191
     33   RGLS        1           441         19245
     33   RGRS        1           420         21266
     34   LGLS       -1            30            26
     34   LGRS       -1           228           149
     34   RGLS        1           430         18242
     34   RGRS        1           474         18166
     35   LGLS       -1            11            25
     35   LGRS       -1           235           126
     35   RGLS        1           366         17963
     35   RGRS        1           528         18612
     36   LGLS       -1            13            49
     36   LGRS       -1           217           134
     36   RGLS        1           401         21810
     36   RGRS        1           484         21450
     37   LGLS       -1            12            28
     37   LGRS       -1           203           143
     37   RGLS        1           378         19139
     37   RGRS        1           803         20864
     38   LGLS       -1            29            62
     38   LGRS       -1           339           162
     38   RGLS        1           621         21953
     38   RGRS        1           436         18783
     39   LGLS        0             8            51
     39   LGRS        0           485           215
     39   RGLS        0             6         23242
     39   RGRS        0           233         18017
     40   LGLS       -1            26            86
     40   LGRS       -1           259           151
     40   RGLS        1           366         19007
     40   RGRS        1           404         17318
     41   LGLS       -1            15            52
     41   LGRS       -1           299           228
     41   RGLS        1           598         19125
     41   RGRS        1           409         17489
     42   LGLS       -1            10            24
     42   LGRS       -1           248           112
     42   RGLS        1           381         19046
     42   RGRS        1           487         19196
     43   LGLS       -1            35            38
     43   LGRS       -1           298           114
     43   RGLS        1           455         18662
     43   RGRS        1           576         19401
     44   LGLS       -1            15            92
     44   LGRS       -1           309           221
     44   RGLS        1           481         19482
     44   RGRS        1           801         21469
     45   LGLS       -1            14            40
     45   LGRS       -1           281           159
     45   RGLS        1           661         19862
     45   RGRS        1           455         19577
     46   LGLS       -1            16            48
     46   LGRS       -1           383           273
     46   RGLS        1           485         20497
     46   RGRS        1           509         21116
     47   LGLS       -1            25            83
     47   LGRS       -1           216           152
     47   RGLS        1           347         22353
     47   RGRS        1           549         22006
     48   LGLS       -1            14            44
     48   LGRS       -1           881           156
     48   RGLS        1           501         23107
     48   RGRS        1           552         19735
     49   LGLS       -1            19            54
     49   LGRS       -1           340           148
     49   RGLS        1           488         21964
     49   RGRS        1           378         19985
