Attempt Config Distance          Time         TTime
      0   LGLS        1           188          2319
      0   LGRS        1         10492          6607
      0   RGLS        1          5267         53688
      0   RGRS        1          1322         41939
      1   LGLS        1            56           589
      1   LGRS        1          2057          2392
      1   RGLS        1          1924         48026
      1   RGRS        1          1010         46499
      2   LGLS        1            78           637
      2   LGRS        1          1948          2102
      2   RGLS        1          1633         47232
      2   RGRS        1          1252         42963
      3   LGLS        1            76           735
      3   LGRS        1          2473          2345
      3   RGLS        1          1232         43355
      3   RGRS        1          1007         44389
      4   LGLS        1           142           977
      4   LGRS        1          2454          2171
      4   RGLS        1          1243         41912
      4   RGRS        1           894         44023
      5   LGLS        1            49           554
      5   LGRS        1          1901          2250
      5   RGLS        1          1125         43576
      5   RGRS        1           635         40263
      6   LGLS        1            85           730
      6   LGRS        1          1717          1481
      6   RGLS        1          1063         46768
      6   RGRS        1           790         46925
      7   LGLS        1            51           617
      7   LGRS        1          1426          1679
      7   RGLS        1          1093         48824
      7   RGRS        1          1598         48188
      8   LGLS        1            55           484
      8   LGRS        1          2209          2646
      8   RGLS        1          1509         54379
      8   RGRS        1           843         42713
      9   LGLS        1            54           406
      9   LGRS        1          1694          1952
      9   RGLS        1          1076         46700
      9   RGRS        1           663         42501
     10   LGLS        1            52           382
     10   LGRS        1          1668          1942
     10   RGLS        1           997         46206
     10   RGRS        1           695         41636
     11   LGLS        1            96          1027
     11   LGRS        1          1564          1451
     11   RGLS        1          1040        238988
     11   RGRS        1          1112         44307
     12   LGLS        1            58           495
     12   LGRS        1          1970          2354
     12   RGLS        1          1310         45440
     12   RGRS        1           770         43189
     13   LGLS        1            55           451
     13   LGRS        1          2366          2074
     13   RGLS        1           703         40594
     13   RGRS        1           626         40351
     14   LGLS        1            54           418
     14   LGRS        1          1486          1795
     14   RGLS        1           834         43366
     14   RGRS        1           612         39959
     15   LGLS        1            58           513
     15   LGRS        1          2004          2123
     15   RGLS        1          1216         39796
     15   RGRS        1           695         42361
     16   LGLS        1            47           422
     16   LGRS        1          1758          2146
     16   RGLS        1          1030         40000
     16   RGRS        1           638         39263
     17   LGLS        1            38           312
     17   LGRS        1          2343          2744
     17   RGLS        1           899         43807
     17   RGRS        1           755         42787
     18   LGLS        1            55           376
     18   LGRS        1          1788          2796
     18   RGLS        1           812         40808
     18   RGRS        1           533         37057
     19   LGLS        1            38           314
     19   LGRS        1          2263          1785
     19   RGLS        1           636         41146
     19   RGRS        1           693         37113
     20   LGLS        1            49           489
     20   LGRS        1          2455          2012
     20   RGLS        1           852         40134
     20   RGRS        1           810         41884
     21   LGLS        1            38           325
     21   LGRS        1          2325          1906
     21   RGLS        1           827         47293
     21   RGRS        1           719         43312
     22   LGLS        1            66           460
     22   LGRS        1          1755          1980
     22   RGLS        1           870         50410
     22   RGRS        1           629         43675
     23   LGLS        1            41           384
     23   LGRS        1          1611          1609
     23   RGLS        1           676         44386
     23   RGRS        1           606         40181
     24   LGLS        1            41           441
     24   LGRS        1          1491          1670
     24   RGLS        1           648         42269
     24   RGRS        1           639         46472
     25   LGLS        1            42           398
     25   LGRS        1          1683          1847
     25   RGLS        1           712         51282
     25   RGRS        1           660         44860
     26   LGLS        1            48           452
     26   LGRS        1          1658          2030
     26   RGLS        1           872         41014
     26   RGRS        1           605         43686
     27   LGLS        1            40           500
     27   LGRS        1          2281          1988
     27   RGLS        1           783         43297
     27   RGRS        1           609         40077
     28   LGLS        1            43           457
     28   LGRS        1          1425          1497
     28   RGLS        1           690         45565
     28   RGRS        1           553         43088
     29   LGLS        1            37           443
     29   LGRS        1          1382          1690
     29   RGLS        1           793         49651
     29   RGRS        1           747         45461
     30   LGLS        1            60           625
     30   LGRS        1          1443          1437
     30   RGLS        1           694         45982
     30   RGRS        1           576         49813
     31   LGLS        1            38           394
     31   LGRS        1          1694          1921
     31   RGLS        1           697         43763
     31   RGRS        1           581         58220
     32   LGLS        1            60           540
     32   LGRS        1          2056          3146
     32   RGLS        1           869         77024
     32   RGRS        1           862        706282
     33   LGLS        1            45           489
     33   LGRS        1          1840          1965
     33   RGLS        1           848        132385
     33   RGRS        1           669         37526
     34   LGLS        1            51           534
     34   LGRS        1          1466          1655
     34   RGLS        1           716         42504
     34   RGRS        1           664         39290
     35   LGLS        1            57           491
     35   LGRS        1          1422          1601
     35   RGLS        1           739         40637
     35   RGRS        1           583         38827
     36   LGLS        1            51           435
     36   LGRS        1          1444          1429
     36   RGLS        1           816         37897
     36   RGRS        1           562         47459
     37   LGLS        1            39           445
     37   LGRS        1          2470          1976
     37   RGLS        1           750         43183
     37   RGRS        1           630         40285
     38   LGLS        1            62           548
     38   LGRS        1          1527          1695
     38   RGLS        1           771         42551
     38   RGRS        1           547         35676
     39   LGLS        1            52           473
     39   LGRS        1          1617          1742
     39   RGLS        1           630         42583
     39   RGRS        1           589         40211
     40   LGLS        1            53           411
     40   LGRS        1          1936          2452
     40   RGLS        1           680         36082
     40   RGRS        1           550         38997
     41   LGLS        1            85           949
     41   LGRS        1          2147          2186
     41   RGLS        1           806         37036
     41   RGRS        1           607         38625
     42   LGLS        1            50           421
     42   LGRS        1          2654          2281
     42   RGLS        1           857         43512
     42   RGRS        1           696         38322
     43   LGLS        1            34           314
     43   LGRS        1          1653          1695
     43   RGLS        1           832         43145
     43   RGRS        1           587         37617
     44   LGLS        1            32           308
     44   LGRS        1          1311          1531
     44   RGLS        1           565         39208
     44   RGRS        1           554         38425
     45   LGLS        1            36           411
     45   LGRS        1          1374          1588
     45   RGLS        1           595         42926
     45   RGRS        1           487         40117
     46   LGLS        1            40           444
     46   LGRS        1          1197          1392
     46   RGLS        1           721         38645
     46   RGRS        1           533         37569
     47   LGLS        1            40           397
     47   LGRS        1          1652          1785
     47   RGLS        1           624         43214
     47   RGRS        1           520         37945
     48   LGLS        1            42           420
     48   LGRS        1          2377          1859
     48   RGLS        1           702         39575
     48   RGRS        1           537         37516
     49   LGLS        1            39           410
     49   LGRS        1          1562          1813
     49   RGLS        1           689         39904
     49   RGRS        1           536         36958
