Attempt Config Distance          Time        TTime4       TTime99     TTime1999
      0   LGLS        1           213          3638          2114          2036
      0   LGRS        1         11817          6447          5541          3975
      0   RGLS        1          4859         60334         51719         48028
      0   RGRS        1          1319         45188         43093         42774
      1   LGLS        1            83           783           566           875
      1   LGRS        1          4993          2149          2710          3207
      1   RGLS        1          1750         53757         49731         51551
      1   RGRS        1           864         39395        428389        109334
      2   LGLS        1            65           689           490           750
      2   LGRS        1          2514          1640          2140          3017
      2   RGLS        1          1351         48868         41301         42580
      2   RGRS        1           723         38437         36471         40943
      3   LGLS        1            79           380           264           442
      3   LGRS        1          1616          1813          1818          1767
      3   RGLS        1          1346         47618         47996         45872
      3   RGRS        1           986         47642         40291         38436
      4   LGLS        1            54           567           479           635
      4   LGRS        1          1429          1555          1481          1634
      4   RGLS        1          1288         44363         49558         42740
      4   RGRS        1          1604         44779         38011         34906
      5   LGLS        1            84           780           643           715
      5   LGRS        1          1732          1593          1553          1536
      5   RGLS        1          1122         40329         38024         41356
      5   RGRS        1           718         43481         43604         40539
      6   LGLS        1            56           405           358           520
      6   LGRS        1          1834          1700          1866          1725
      6   RGLS        1           922         42584         38437         38394
      6   RGRS        1           505         38854         35877         35972
      7   LGLS        1            79           473           353           562
      7   LGRS        1          1889          1743          1522          1457
      7   RGLS        1           717         35700         34603         35879
      7   RGRS        1           484         40973         41948         40750
      8   LGLS        1            49           402           328           537
      8   LGRS        1          1517          1744          1537          1637
      8   RGLS        1           926         38813         37507         42895
      8   RGRS        1           937         39781         38274         36803
      9   LGLS        1            54           389           357           563
      9   LGRS        1          1362          1351          1366          1324
      9   RGLS        1           793         40703         38147         39165
      9   RGRS        1          1118         37074         41314         41203
     10   LGLS        1            51           378           556           922
     10   LGRS        1          1432          1445          1433          1345
     10   RGLS        1           822         42109         43013         45063
     10   RGRS        1           804         43225         36619         36319
     11   LGLS        1            42           358           265           465
     11   LGRS        1          2309          1831          1535          1768
     11   RGLS        1           981         39968         38556         35350
     11   RGRS        1           890         41146        552387         36063
     12   LGLS        1            57           406           324           572
     12   LGRS        1          1226          1286          1324          1275
     12   RGLS        1           793         40371         40447         42344
     12   RGRS        1           635         38106         38513         35310
     13   LGLS        1            40           339           323           567
     13   LGRS        1          1629          3154          2488          2495
     13   RGLS        1          1234         41732         51872         47647
     13   RGRS        1           932         42644         41319         41373
     14   LGLS        1            69           597           526           980
     14   LGRS        1          1343          1375          1308          1332
     14   RGLS        1           793         35375         34582         34621
     14   RGRS        1           590         37860         33958         40493
     15   LGLS        1            84           718           445           545
     15   LGRS        1          1237          1307          1244          1288
     15   RGLS        1          1012         42144         36812         42213
     15   RGRS        1           640         39626         39925         41141
     16   LGLS        1            94           660           532           803
     16   LGRS        1          1466          2490          2122          1631
     16   RGLS        1           866         41680         42328         42436
     16   RGRS        1           751         38776         37054         35982
     17   LGLS        1            40           440           256           440
     17   LGRS        1          1568          1893          1910          1851
     17   RGLS        1           733         38594         37620         41029
     17   RGRS        1           622         37484         40268         40994
     18   LGLS        1            37           261           189           352
     18   LGRS        1          1577          2296          1807          1608
     18   RGLS        1           833         38163         37645         40347
     18   RGRS        1           658         39885         37779         35786
     19   LGLS        1            45           290           225           419
     19   LGRS        1          2149          2182          1887          1656
     19   RGLS        1           691         42128         37280         41982
     19   RGRS        1           777         38768         40559         38801
     20   LGLS        1            58           288           226           413
     20   LGRS        1          1753          1736          1582          1526
     20   RGLS        1           801         46896         37389         37206
     20   RGRS        1           608         41123         35445         36437
     21   LGLS        1            57           387           351           534
     21   LGRS        1          1431          1582          1517          1541
     21   RGLS        1           694         40284         34844         34484
     21   RGRS        1           563         37520        419136         49060
     22   LGLS        1            49           472           433           659
     22   LGRS        1          2295          1956          1809          1789
     22   RGLS        1           747         54124         35781         36495
     22   RGRS        1           521         46612         40274         40004
     23   LGLS        1            45           359           311           408
     23   LGRS        1          1703          1873          2561          2553
     23   RGLS        1           710         39320         38190         35064
     23   RGRS        1           580         37894         35213         41721
     24   LGLS        1            40           352           324           409
     24   LGRS        1          1669          1258          1250          1358
     24   RGLS        1           642         37485         35798         36415
     24   RGRS        1           507         37944         36851         35227
     25   LGLS        1            36           331           194           202
     25   LGRS        1          1841          2178          1732          1776
     25   RGLS        1           609         39151         35208         34306
     25   RGRS        1           540         37655         35790         35688
     26   LGLS        1            40           305           210           243
     26   LGRS        1          1239          1479          1477          1519
     26   RGLS        1           557         38978         37799         34634
     26   RGRS        1           504         39379         35329         34574
     27   LGLS        1            65           223           164           197
     27   LGRS        1          1370          2197          2172          1552
     27   RGLS        1           576         39759         36820         34961
     27   RGRS        1           499         36224         36365         35542
     28   LGLS        1            53           276           264           252
     28   LGRS        1          1987          2569          1741          1567
     28   RGLS        1           587         40310         39047         37175
     28   RGRS        1           512         38963         34929         34492
     29   LGLS        1            34           244           165           200
     29   LGRS        1          1398          1648          1673          1771
     29   RGLS        1           572         43593         37342         43399
     29   RGRS        1           531         46825         55823         40787
     30   LGLS        1            63           367           245           298
     30   LGRS        1          2031          2031          1814          1674
     30   RGLS        1           769         40262         37023         40786
     30   RGRS        1           817         48088         42517         40916
     31   LGLS        1            34           242           178           213
     31   LGRS        1          1498          1341          1364          1249
     31   RGLS        1           659         42995         40267         40407
     31   RGRS        1           828         36450        441458         45340
     32   LGLS        1            46           382           292           360
     32   LGRS        1          1897          2324          2266          2562
     32   RGLS        1           882         61658         42238         39508
     32   RGRS        1           494         41049         37778         40547
     33   LGLS        1            39           266           234           245
     33   LGRS        1          1405          1649          1628          1643
     33   RGLS        1           650         37940         39804         40860
     33   RGRS        1           578         40856         39932         35856
     34   LGLS        1            59           321           251           312
     34   LGRS        1          1994          2059          1615          1722
     34   RGLS        1           881         42286         40941         38286
     34   RGRS        1           713         39649         34653         35385
     35   LGLS        1            55           436           245           291
     35   LGRS        1          1302          1496          1489          1504
     35   RGLS        1           679         39085         35317         35993
     35   RGRS        1           610         41814         37675         43187
     36   LGLS        1            57           491           255           311
     36   LGRS        1          1392          1448          1462          1482
     36   RGLS        1           686         45887         42116         38605
     36   RGRS        1           568         34989         36138         34855
     37   LGLS        1            87           471           395           521
     37   LGRS        1          2006          2306          2346          2240
     37   RGLS        1           830         47340         38100         36138
     37   RGRS        1           593         38037         35151         34857
     38   LGLS        1            63           460           431           483
     38   LGRS        1          2379          1990          1657          1579
     38   RGLS        1           754         39657         36455         38959
     38   RGRS        1           687         37259         37736         35923
     39   LGLS        1            62           491           397           484
     39   LGRS        1          1700          1779          1614          1537
     39   RGLS        1           813         37379         34807         36079
     39   RGRS        1           545         38019         34634         34756
     40   LGLS        1            35           265           202           364
     40   LGRS        1          1681          1945          1995          1994
     40   RGLS        1           634         38785         36283         35036
     40   RGRS        1           524         38842         39024         37825
     41   LGLS        1            43           353           249           303
     41   LGRS        1          1270          1379          1276          1291
     41   RGLS        1           616         35124         34982         39265
     41   RGRS        1           722         41643         37069        412084
     42   LGLS        1            51           418           338           367
     42   LGRS        1          1655          2107          2061          2029
     42   RGLS        1           841         56399         62834         36924
     42   RGRS        1           510         39428         34466         35367
     43   LGLS        1            67           480           424           449
     43   LGRS        1          2500          2192          1620          1711
     43   RGLS        1           843         40781         39025         39092
     43   RGRS        1           820         41724         35147         36496
     44   LGLS        1            44           346           508           454
     44   LGRS        1          2202          1981          1854          2507
     44   RGLS        1           576         40841         39430         39572
     44   RGRS        1           511         41689         40460         38436
     45   LGLS        1            61           484           261           270
     45   LGRS        1          1304          1351          1349          1297
     45   RGLS        1           721         38897         54118         44364
     45   RGRS        1           471         45931         37005         43860
     46   LGLS        1            52           409           333           366
     46   LGRS        1          1489          1742          2111          2333
     46   RGLS        1          1120         47537         44851         40852
     46   RGRS        1           585         39295         35392         40709
     47   LGLS        1            50           382           261           281
     47   LGRS        1          1617          1781          1708          1606
     47   RGLS        1           890         38144         40174         35749
     47   RGRS        1           535         39408         38812         43634
     48   LGLS        1            61           509           581           612
     48   LGRS        1          2997          2114          2130          1706
     48   RGLS        1           584         43556         45012         43999
     48   RGRS        1           701         41986         38424         38667
     49   LGLS        1            50           321           257           274
     49   LGRS        1          1617          1746          2183          1638
     49   RGLS        1           746         46434         44064         41670
     49   RGRS        1           595         46128         46040         42901
